344	128
81	7
118	26
137	16
55	68
481	303
284	417
320	362
393	347
130	170
335	431
476	76
206	62
47	366
260	63
237	228
91	358
255	396
260	336
408	229
144	34
55	5
62	182
192	255
341	110
147	41
197	177
112	445
227	189
79	181
38	27
119	11
106	389
256	301
257	173
463	479
86	412
98	2
437	472
407	326
114	40
99	492
405	260
476	86
95	42
377	187
120	277
382	489
373	458
329	399
308	125
420	155
223	330
168	147
454	27
267	183
466	156
275	415
396	418
70	30
340	21
255	476
409	452
394	339
76	355
157	74
188	307
449	495
151	73
490	494
166	390
118	40
323	185
305	357
173	455
479	483
374	477
29	6
168	36
425	187
341	33
488	252
366	435
10	490
310	419
188	72
396	288
110	83
222	324
88	11
130	237
24	371
22	442
13	9
494	230
128	421
197	487
319	412
193	431
472	436
187	79
122	80
388	159
403	466
96	286
219	218
162	46
177	373
394	376
436	74
369	474
478	494
8	464
326	97
217	28
200	78
433	493
93	300
112	341
32	83
72	43
396	441
388	39
119	32
330	111
383	413
306	450
66	422
385	120
332	419
322	33
407	88
101	87
324	132
234	482
344	474
39	232
36	253
174	352
134	48
108	394
20	2
145	373
364	367
161	147
383	452
224	470
295	98
425	339
350	440
492	494
387	381
96	69
472	489
360	354
292	7
161	81
291	176
58	56
50	122
63	35
39	27
317	319
198	36
150	198
254	149
219	121
484	13
481	494
373	162
111	84
180	407
443	498
457	372
108	476
88	25
83	485
81	4
374	471
273	431
229	360
419	351
394	480
133	262
439	475
56	357
439	173
459	481
43	469
319	351
419	465
472	495
398	284
404	484
29	362
296	230
399	162
464	480
364	261
280	426