146	297
403	294
497	499
348	70
160	353
227	241
453	483
127	107
115	89
409	396
174	43
358	401
443	448
369	368
443	487
291	149
228	85
416	63
174	413
319	72
472	483
320	393
149	449
454	409
332	429
114	473
175	269
389	417
244	55
69	243
398	467
463	482
332	86
159	38
377	461
6	67
309	302
302	477
173	174
415	498
419	354
70	417
104	403
499	221
19	25
123	141
417	355
116	38
27	235
241	156
127	275
8	6
121	308
5	3
11	7
231	195
147	49
388	401
290	486
275	423
256	419
159	109
316	190
141	123
383	321
305	259
121	116
224	416
214	105
300	157
6	2
330	121
188	46
310	149
314	495
164	25
415	497
48	46
481	395
451	132
36	189
379	438
54	94
20	44
39	8
131	340
34	25
264	130
239	200
7	3
212	150
136	470
239	180
406	446
201	248
16	414
293	392
108	379
471	467
152	254
363	444
109	344
467	484
248	10
385	29
222	495
216	434
110	244
144	78
4	118
348	153
307	162
377	477
82	23
468	474
262	169
491	492
125	5
244	152
12	77
333	36
453	488
365	451
264	227
216	239
270	416
460	43
457	371
459	50
187	173
389	126
142	79
121	279
76	36
148	409
123	444
466	25
153	220
141	22
300	326
469	497
333	348
234	202
285	9
430	417
366	473
293	450
184	366
70	27
498	432
196	114
134	12
128	341
201	35
171	434
405	415
328	212
397	231
117	5
118	304
97	37
187	71
195	478
447	484
80	33
289	348
140	340
418	490
385	419
207	167
221	110
176	333
77	65
187	155
252	36
273	475
90	485
100	82
335	37
483	393
70	27
337	469
487	170
273	264
306	358
497	366
148	22
226	287
330	397
24	17
372	496
389	499
317	468
61	44
298	119
224	172
5	287
83	28
464	473
316	363