44	255
12	10
440	468
352	482
136	221
233	17
74	237
132	41
149	254
42	71
34	181
124	476
225	168
336	416
448	457
182	403
369	451
59	41
19	343
447	455
143	118
295	161
26	68
403	181
124	95
422	316
450	442
231	112
287	354
109	39
37	27
312	110
402	462
435	455
359	79
430	40
420	478
318	437
204	191
241	423
374	419
108	94
91	36
249	373
280	113
142	45
191	70
17	384
187	180
336	483
467	109
202	61
79	182
412	274
174	169
97	50
194	203
160	409
121	200
105	353
238	407
89	42
464	497
239	53
201	71
355	251
417	182
163	301
94	249
250	331
17	341
374	432
111	51
130	439
55	318
423	424
1	17
339	375
258	428
402	460
436	244
223	393
341	358
476	480
443	455
309	423
475	493
362	343
280	185
89	39
42	17
108	54
17	287
247	103
424	202
55	89
380	434
488	495
52	17
343	444
398	44
488	494
196	74
81	14
462	202
280	36
419	457
163	360
60	356
183	322
321	64
67	392
165	413
42	11
280	73
131	389
380	188
291	293
265	113
466	469
242	302
86	431
49	238
100	326
104	446