359	448
339	468
229	37
187	343
481	496
444	485
242	273
22	133
418	449
202	282
156	247
485	286
289	301
306	288
482	493
497	498
234	282
436	492
184	115
39	149
188	39
162	140
433	243
410	499
262	276
332	325
153	324
390	483
83	68
103	3
100	1
223	132
317	290
309	15
143	93
454	490
405	281
364	56
125	25
388	203
121	366
376	237
489	497
119	309
94	15
140	162
146	69
78	33
275	334
357	383
78	175
394	482
92	28
391	440
206	208
361	167
297	447
82	13
274	479
436	475
261	328
105	7
54	113
451	102
377	224
369	434
165	79
35	238
486	495
284	469
282	340
67	273
176	447
490	51
207	316
100	102
168	443
278	64
152	369
60	14
333	448
374	223
377	162
482	493
217	376
134	94
339	390
307	351
76	70
399	190
17	13
30	46
355	72
187	47
257	223
419	427
149	90
367	95
69	77
304	415
428	333
54	498
384	277
206	279
342	421
210	175
22	13
53	183
345	413
364	224
24	89
325	110
447	367
260	387
66	133
238	272
484	495
310	450
269	339
383	248
391	36
47	8
250	325
41	457
325	326