2	1
244	386
12	7
55	24
227	74
337	156
118	57
265	428
28	12
210	272
147	9
157	324
487	499
282	262
27	484
395	273
272	117
444	75
93	212
454	482
166	309
487	364
15	1
196	492
410	396
351	484
48	8
192	104
374	386
76	319
70	434
75	166
313	273
442	25
149	286
475	361
79	193
370	97
148	388
481	343
487	238
234	84
105	85
411	472
2	1
376	422
348	495
164	121
417	132
90	111
114	46
17	11
479	199
407	314
470	473
399	415
19	112
236	324
223	124
485	498
102	39
14	10
454	36
250	216
164	46
413	488
311	387
385	159
97	350
8	61
49	47
464	161
356	466
235	211
499	376
318	51
457	330
248	428
115	373
5	2
40	115
315	409
134	383
13	361
447	337
100	274
79	86
82	32
369	435
493	317
368	360
484	492
440	482
482	301
410	470
310	461
82	306
259	220
201	25
452	400
451	340
403	372
482	282
216	271
36	18
434	490
462	392
372	494
37	31
28	385
220	296
358	435
399	186
185	81
360	440
3	305
236	123
103	252
363	11
240	344
147	5
127	163
239	380
89	39
440	464
422	428
65	370
463	247
406	45
148	271
56	130
331	292
320	324
253	252
281	206
424	296
90	277
141	95
450	68
253	218
496	461
252	484
313	392
270	406
95	471
164	60
173	266
192	132
38	26
107	374
122	89
172	410
390	496
38	66
164	83
110	21
209	202
321	428
217	185
426	455
429	455
10	24
68	371
198	469
59	30
407	86
482	487
109	326
311	367
111	377
356	345
250	161
54	282
166	89
434	309
426	481
298	435
443	483
149	154
404	352
254	43
39	37
278	365
316	361
116	199
253	176
142	86
321	428
125	203
164	100
477	191
377	64
375	280
234	22
462	22
275	385
429	378
426	477
36	1
290	316