16	55
248	210
420	464
178	487
468	480
304	216
117	187
347	348
76	337
90	50
429	454
137	498
315	149
428	435
376	484
158	364
499	132
161	125
343	283
135	149
382	458
88	399
334	302
440	489
57	1
294	391
271	334
73	38
153	226
80	6
272	306
141	153
3	2
413	308
311	253
457	489
340	16
211	468
332	163
121	253
427	118
32	10
305	17
259	111
391	196
129	336
6	321
492	487
351	296
199	226
405	165
122	400
96	246
48	469
446	245
201	190
440	494
45	12
483	492
112	375
210	85
126	314
138	23
216	460
33	12
278	77
127	110
481	493
427	493
232	106
474	475
444	150
57	269
90	85
11	5
310	52
83	31
168	161
194	190
137	149
242	259
76	40
482	210
8	65
491	239
481	488
305	419
373	491
148	253
385	427
261	486
293	247
62	267
28	21
37	14
286	453
255	44
349	121
438	475
232	103
304	77
480	250
92	427
496	438
126	120
361	206
12	6
329	306
73	80
142	124
443	475
289	364
312	436
146	106
396	438
48	402
283	170
89	326
236	205
177	487
35	14
31	3
463	407
383	69
275	455
114	39
426	446
367	495
374	488
425	257
455	459
445	493
240	188
360	40
461	245
304	384
263	476
233	330
36	27
325	344
413	54
403	466
61	46
162	409
193	470
243	423
1	101
97	15
119	445
472	488
178	75
495	496
447	479
440	172
459	489
133	59
137	415
276	168
478	259
112	60
130	21
302	6
192	32
448	490
446	425
178	137
88	61
422	320
67	457
254	453
238	410
395	473
139	98
354	493
444	448
418	423
224	255
150	34
236	277
457	462
465	298
359	397
452	453
42	17
102	414
207	138
338	385
278	7
2	149
148	141
141	93
269	182
410	286
239	171
62	79
306	484
384	257
233	70
278	20
275	121