254	98
437	443
266	204
338	164
85	1
458	460
443	106
288	89
498	150
449	328
442	474
193	74
59	168
48	14
242	258
392	477
43	2
150	6
183	3
267	177
201	237
122	57
205	1
412	269
4	3
155	345
462	472
437	26
471	476
102	43
20	62
496	33
342	407
420	481
178	15
361	498
400	419
28	453
151	71
33	3
444	452
456	468
209	398
280	368
138	67
139	350
183	248
247	81
1	326
114	110
461	197
352	440
45	102
135	422
316	132
141	21
29	2
358	208
369	266
286	204
118	450
61	121
280	84
365	302
330	393
223	29
139	96
495	269
354	464
95	30
411	264
174	49
295	280
149	131
402	122
104	184
417	72
410	381
120	36
8	4
153	81
469	277
338	359
484	488
398	406
182	170
348	100
91	74
464	472
143	27
359	145
106	380
207	469
269	108
207	438
328	449
180	99
331	442
373	308
391	472
187	108
223	80
340	409
493	281
106	388
140	104
102	96
270	294
430	497
418	432
134	109
253	257
182	63
275	168
252	207
120	8
365	458
16	10
220	323
9	5
436	413
185	426
160	58
123	428
391	418