215	264
180	113
243	193
393	470
50	312
56	9
407	495
159	186
331	10
2	1
128	10
284	219
334	307
218	465
66	53
103	235
278	331
464	496
103	20
174	108
381	409
329	71
299	443
151	10
339	411
70	66
25	195
192	236
213	146
110	185
271	312
334	97
298	159
93	80
413	150
424	456
174	171
431	229
100	87
454	113
188	278
41	126
490	395
32	379
77	274
392	150
77	45
127	441
165	23
206	120
65	15
403	270
450	462
293	211
166	77
31	395
169	101
429	162
207	363
147	129
107	105
459	462
192	380
61	156
158	7
477	489
355	489
195	242
370	299
491	495
325	329
201	338
344	124
415	459
392	58
254	4
209	121
479	464
284	134
114	22
337	423
310	428
457	10
474	481
125	170
103	59
384	229
126	174
207	123
386	259
173	11
377	452
58	124
262	370
466	176
213	234
438	290
19	220
298	45
104	168
17	472
348	397
399	478
174	304
492	499
422	296
268	427
315	483
238	174
388	56
395	380
376	420
468	483
362	246
458	480
479	44
229	280
287	303
389	467
112	467
205	210
220	110
124	199
365	430
49	198