202	10
176	59
335	469
270	314
308	163
89	460
408	431
77	402
283	465
122	185
344	271
305	80
8	205
71	51
216	194
339	407
52	21
248	321
351	448
493	94
165	3
229	48
479	395
406	427
193	320
127	263
301	72
311	52
434	247
106	73
69	446
268	378
110	84
123	22
251	484
442	193
413	432
91	82
414	420
315	193
247	374
242	61
290	410
184	183
187	53
141	209
418	383
297	417
231	142
97	315
273	63
298	170
335	92
152	85
190	496
229	496
246	217
121	289
447	250
21	3
499	480
347	91
10	5
95	21
289	494
113	12
41	19
99	91
40	21
267	289
399	386
220	351
143	92
61	267
381	438
262	264
84	78
59	43
205	253
481	197
135	363
49	30
109	213
479	497
80	242
221	144
157	167
334	196
428	341
494	471
279	28
69	19
436	166
217	72
341	448
237	260
265	272
428	494
61	356
323	430
164	313
271	437
290	159
393	468
402	188
495	499
220	9
357	491
202	367
273	279
173	391
445	475
56	16
400	155
422	477
434	396
182	217
300	474
17	14
175	291
317	438
316	408
399	342
71	52
215	201