373	282
343	34
138	20
311	11
222	195
411	498
241	452
104	317
466	265
82	50
438	242
464	47
116	67
453	458
332	422
261	16
460	7
154	325
435	71
220	407
403	444
262	470
252	115
155	129
408	417
274	400
376	230
271	460
361	340
107	313
303	94
290	377
6	4
279	206
305	321
436	333
167	323
204	435
309	310
28	5
61	250
175	358
190	186
466	114
483	165
391	419
304	43
407	275
209	438
466	104
370	400
499	467
207	283
32	319
182	88
163	41
220	348
390	400
34	30
63	227
368	408
218	188
237	52
417	436
245	414
234	211
479	498
131	87
317	302
9	111
208	67
47	22
377	445
345	53
218	8
93	1
292	392
199	94
231	482
192	193
36	311
136	358
225	276
477	478
261	78
16	318
67	59
99	407
354	258
292	57
410	308
338	400
476	499
232	87
382	220
395	404
323	366
458	345
306	403
84	135
281	78
130	349
493	499
486	499
432	496
138	338
70	180
11	3
381	234
478	494
247	357
256	292
360	5
221	449
101	99
282	349
31	25
296	487
141	194
320	67
279	125
450	76
474	303
335	218
160	64