187	433
416	255
223	194
219	446
381	278
126	100
449	487
375	289
259	90
50	53
25	3
296	466
423	273
311	401
493	253
79	19
408	488
67	492
427	452
362	433
121	6
121	52
108	58
189	324
272	426
441	480
345	445
33	116
79	46
81	462
7	294
163	490
398	456
70	22
365	494
451	33
94	29
324	248
227	97
334	482
241	49
464	486
206	96
42	352
188	106
379	454
392	485
102	8
329	7
69	53
3	206
324	342
467	479
428	499
437	19
135	212
415	199
314	285
70	59
154	143
79	59
496	497
365	314
38	32
488	19
399	407
65	24
14	6
204	69
473	271
283	106
272	348
290	371
374	453
347	496
141	202
291	483
308	444
221	166
347	443
142	5
163	86
98	35
7	129
174	304
275	91
214	94
137	16
74	172
183	373
392	456
63	60
102	6
43	34
78	192
445	488
313	120
379	401
185	321
491	472
422	429
339	131
294	70
90	11
156	69
4	1
360	256
482	122
251	19
346	201
18	178
99	483
117	266
466	472
75	51
396	415
132	240
84	352
359	381
322	262
497	498
165	126
39	343
148	181
219	294
344	147
48	404
168	19
363	185
18	350
89	105
483	264
380	267
395	480
188	25
265	494
487	492
430	448
397	494
16	13
219	116
287	334
476	496
458	203
226	471
103	425
276	139
398	497
313	484
94	49
363	236
103	200
300	396
407	423
58	27
473	496
113	4
260	159
398	409
173	159
196	427
67	23
67	22
198	337
242	187
102	484
456	382
360	178
152	16
135	203
365	201
110	412
334	407
250	274
281	318
249	205
366	400
218	331
99	53
142	74
203	162
300	440
11	3
450	473
263	494
358	452
237	43
98	298
461	486
475	349
361	269
67	289
422	475
74	44
95	244
317	329
369	491
2	1
192	323
270	58