97	419
274	413
371	426
420	434
412	474
103	185
109	41
343	290
364	277
369	231
131	159
13	1
276	409
312	17
475	159
235	14
361	399
461	478
351	14
221	393
179	166
189	152
252	318
408	359
434	447
449	419
112	110
358	135
323	486
104	10
487	464
41	474
134	35
234	210
286	365
349	446
408	286
255	415
440	461
458	465
71	495
322	283
10	5
344	309
231	394
140	100
455	484
465	482
457	2
353	401
156	67
256	85
289	309
395	353
300	380
9	339
476	95
397	486
43	212
370	399
356	197
302	103
236	418
9	7
242	180
466	343
15	10
60	74
408	250
78	43
29	192
328	89
263	443
218	289
77	253
265	314
334	91
191	323
173	145
428	298
454	475
144	86
70	484
481	491
262	474
269	237
167	1
119	21
317	25
238	412
122	391
145	474
288	304
299	145
290	172
146	101
295	494
392	127
365	430
411	480
422	441
440	40
246	311
181	191
166	114
424	491
301	377
75	394
288	306
328	428
283	99
373	401
290	459
416	196
109	256
316	471
64	98
6	4
467	433
300	366
362	188
454	46
310	485
152	97
281	50