83	56
270	344
463	479
297	427
172	386
136	484
110	372
261	141
316	421
489	492
347	467
34	19
449	453
165	147
126	285
471	70
134	58
244	457
100	301
40	8
462	330
89	416
432	458
164	7
288	324
8	184
388	485
477	191
45	410
100	334
285	186
474	478
445	217
264	55
124	478
367	242
147	473
414	11
256	137
319	414
131	206
25	23
309	355
497	77
341	144
388	446
297	496
137	34
23	11
244	318
364	155
150	231
173	25
254	186
324	299
207	466
54	270
89	473
283	369
244	363
249	381
189	355
53	322
44	423
373	253
102	232
200	262
463	370
78	26
353	72
103	219
347	390
62	3
363	391
66	391
272	54
209	130
270	50
93	49
296	483
252	392
382	224
222	47
485	487
217	35
387	495
439	465
327	436
39	169
345	327
228	171
336	195
167	269
254	92
165	462
170	403
122	42
301	465
128	1
132	215
70	390
364	180
137	3
400	434
76	18
496	86
253	185
117	91
252	228
213	346
60	4
442	466
377	231
454	82
73	306
272	181
17	16
20	12
96	9
363	468
473	78
51	5
86	327
357	485
446	348