241	310
433	342
357	470
214	485
344	326
491	498
444	474
206	1
451	457
70	236
159	42
214	187
232	426
400	412
392	60
130	114
316	355
433	462
432	465
86	20
485	439
22	241
385	43
168	436
357	473
212	206
239	30
57	5
193	211
98	467
316	460
430	448
153	375
450	454
16	10
379	3
140	57
187	52
466	488
392	170
4	176
159	52
9	212
432	477
247	74
386	151
25	13
417	424
67	122
5	463
170	72
246	373
429	73
493	310
340	320
340	123
106	36
50	341
110	82
159	152
11	423
447	465
98	21
399	483
461	140
358	460
324	364
399	431
25	250
370	496
485	494
194	283
95	23
294	244
391	460
111	187
292	152
489	335
40	39
375	275
450	284
209	377
489	182
488	498
353	402
300	5
122	393
300	355
187	318
251	118
466	206
297	368
87	11
223	63
81	7
352	458
7	459
241	284
136	47
112	185
334	348
146	111
231	44
213	465
17	143
212	220
54	17
312	42
394	310
304	16
411	214
322	358
269	305
313	100
216	498
75	66
319	430
29	13
348	427
72	99
49	29
281	215
435	10
327	339
57	48