317	42
72	36
300	352
389	395
73	67
50	110
286	333
155	96
297	399
369	424
268	270
18	3
52	169
252	97
61	246
212	255
137	494
322	385
257	63
47	33
211	444
354	26
422	205
203	105
48	164
261	291
250	415
350	317
170	367
71	173
133	175
485	492
229	278
316	463
431	488
499	225
64	168
416	316
68	473
128	68
233	180
3	1
4	87
282	432
315	329
373	387
303	24
225	92
5	3
111	239
224	334
209	259
492	235
385	449
3	1
165	18
122	110
158	415
376	98
317	483
125	130
30	9
44	13
462	495
339	424
427	279
59	257
257	113
490	499
42	335
314	419
157	57
421	433
96	163
151	80
494	74
124	321
187	135
8	299
162	461
436	129
466	483
170	2
19	107
220	251
424	229
442	476
28	345
165	127
304	209
343	125
406	15
279	96
421	458
243	258
175	441
350	242
138	72
218	178
412	334
481	204
468	483
170	158
341	384
415	462
364	440
65	493
262	174
322	428
208	194
422	87
117	16
182	355
402	472
147	69
110	5
340	254
121	13
367	487
157	154
296	478
88	38
440	465
29	22
161	88
1	362
82	339
258	247
448	485
279	282
23	7
180	251
261	342
111	180
374	417
84	259
191	102
350	364
3	180
490	429
275	91
217	402
150	491
83	61
463	498
226	476
69	5
485	193
263	369
120	99
381	477
242	52
480	489
168	484
270	146
246	128
304	482
382	224
37	316
180	457
163	158
451	319
70	106
197	299
375	404
213	346
9	352
356	219
470	485
88	16
348	408
390	201
272	406
83	488
89	23
104	68
231	260
169	168
198	346
168	38
306	411
277	68
46	26
182	190
468	483
149	108
47	66
45	31
289	448
351	423
93	117
187	154
329	267
395	458
331	241
234	476
489	406
351	382
379	452
311	9