160	345
408	411
406	491
471	492
400	462
194	58
452	159
210	33
163	487
289	356
457	244
337	469
270	409
17	3
294	204
54	241
454	464
133	101
425	114
1	327
189	381
420	172
468	492
199	148
478	491
57	29
398	440
271	61
23	8
73	459
101	99
30	10
21	1
129	119
40	5
487	52
71	53
143	73
358	290
55	332
360	227
368	271
304	498
346	65
408	426
375	90
76	297
444	476
461	498
350	453
419	452
113	462
236	106
146	382
486	488
33	329
70	4
197	9
50	458
401	167
363	252
272	134
498	499
107	449
252	227
170	256
435	463
321	486
44	34
25	440
431	450
311	111
388	370
165	88
325	209
157	25
41	327
467	474
61	119
83	6
238	55
141	320
402	339
16	233
84	78
13	251
261	333
55	70
18	11
398	66
106	71
445	460
360	188
452	478
326	280
492	498
466	53
198	255
209	99
432	367
216	242
186	248
77	58
29	21
475	251
149	105
264	110
67	203
180	129
118	41
71	387
238	327
291	2
44	25
4	15
306	252
39	6
112	205
116	54
448	310
221	350
357	272
90	88
59	326
51	265
461	414
323	439
361	395
427	493
463	470
289	338
255	390
41	123
182	368
327	420
4	2
140	318
245	216
227	170
372	138
386	401
484	385
481	485
177	30
30	28
445	453
121	81
89	107
151	348
363	466
252	320
457	477
186	39
103	304
466	11
428	454
256	364
351	439
377	274
303	191
296	331
480	487
319	125
198	122
466	402
61	428
245	495
233	20
141	126
349	326
102	175
320	186
163	180
374	95
261	377
265	54
15	206
306	373
423	107
37	60
280	239
158	196
162	157
498	499
292	466
450	485
344	472
183	118
207	348
8	1
35	8
282	391
352	274
65	23
396	436
255	51
459	474
389	494
207	297
301	173