488	409
240	308
104	61
430	383
486	132
371	399
120	94
182	305
480	112
329	285
363	279
178	173
161	308
135	104
177	11
133	104
46	317
228	379
341	461
273	313
449	96
387	470
196	23
451	60
263	245
408	129
324	330
310	417
96	488
72	6
367	201
8	3
125	13
472	172
485	499
493	498
317	408
30	328
463	495
341	27
47	33
435	463
404	460
64	473
112	164
125	22
190	57
334	415
483	382
480	5
321	129
410	458
364	168
266	163
494	297
99	248
96	289
427	456
463	270
359	59
494	496
400	356
271	498
285	248
295	339
49	22
496	464
289	53
267	347
283	447
123	468
483	489
155	173
380	481
488	489
325	352
332	25
327	408
35	203
372	433
337	380
54	275
286	264
17	169
402	404
219	113
352	157
291	248
92	65
101	93
474	9
176	225
320	298
436	468
285	273
333	469
408	368
168	286
463	299
172	57
99	26
327	384
373	417
435	468
445	20
7	1
414	84
414	409
1	329
412	264
496	482
427	313
486	490
223	33
325	242
458	476
189	326
116	20
491	92
302	468
259	175
223	250
15	3
294	436
106	2
231	187
202	243
60	6
438	135
371	36
156	41
218	193
401	427
147	458
101	94
44	495
415	6
48	493
365	202
181	380
81	59
101	23
66	6
379	434
496	499
86	97
345	127
287	334
456	478
242	446
67	86
349	119
333	110
136	99
368	405
88	82
280	50
367	216
456	464
241	60
230	131
216	9
444	458
447	436
171	186
137	373
377	480
294	103
56	39
468	486
475	136
106	58
467	149
478	55
424	157
434	462
373	405
237	282
61	443
352	446
44	362
218	147
104	407
91	8
130	369
300	444
445	415
364	388
248	278
180	48
314	45
484	320
340	467
230	108
363	371
244	259
474	45
120	10
293	279
306	245