70	39
265	7
55	26
173	18
430	257
170	403
112	490
178	42
268	102
110	103
64	281
55	72
123	331
18	371
276	391
209	279
407	463
28	134
348	336
359	272
246	373
488	384
113	54
419	435
142	190
65	404
165	124
97	268
267	426
96	8
83	230
407	125
257	184
294	151
461	238
385	463
385	403
74	30
72	383
180	464
190	319
226	231
108	1
150	293
450	108
136	256
139	44
308	305
89	479
135	34
73	253
45	6
58	11
113	65
348	416
406	416
132	414
280	1
23	10
117	82
141	321
77	385
369	190
78	431
6	309
237	217
385	284
367	443
248	260
129	445
177	43
367	108
361	120
9	83
55	5
280	54
84	81
350	328
14	3
165	213
50	349
122	339
374	431
490	497
172	73
7	28
213	183
37	80
261	377
453	105
335	264
28	7
46	25
208	278
39	7
193	415
448	485
211	307
389	447
352	451
216	286
287	258
29	394
120	366
486	376
70	265
204	18
160	129
216	157
99	34
336	253
12	304
464	479
492	499
38	369
227	111
469	430
34	214
224	55
425	441
86	421
147	182
361	88
63	130
112	262