173	115
412	440
315	480
96	206
141	95
160	87
450	22
292	135
211	256
170	112
241	198
317	376
97	13
164	271
144	87
316	377
182	8
350	130
176	141
181	208
404	336
21	221
288	185
444	477
126	367
498	43
122	64
152	222
301	139
77	31
303	86
97	15
210	167
100	62
203	361
469	472
332	421
483	486
43	326
194	273
300	125
167	112
6	2
194	479
298	113
127	55
234	285
273	460
395	447
459	334
211	328
218	1
351	411
287	463
462	483
333	404
492	375
6	488
310	273
28	5
471	339
384	115
182	428
72	442
120	488
35	23
250	223
417	66
373	21
249	305
357	403
291	363
90	60
20	12
336	104
149	206
166	257
388	440
141	300
215	456
440	58
402	206
250	400
11	425
129	376
393	161
487	424
346	434
295	384
290	256
498	316
254	156
481	487
497	331
452	479
468	493
140	409
289	433
447	497
212	86
70	322
262	207
185	499
309	130
66	64
77	257
312	21
25	7
215	470
232	356
294	302
169	219
204	263
6	433
39	33
351	499
85	18
98	276
487	151
385	98
110	428
261	199
314	374
353	404
385	335
153	210
185	255
264	179
395	469
240	104
189	26
369	441
460	433
289	202
8	172
384	104
314	488
338	193
312	109
443	478
302	368
136	69
229	122
68	21
128	470
24	11
448	479
493	497
232	171
229	403
307	492
280	239
243	205
6	5
262	320
451	481
185	260
306	423
138	289
488	497
496	478
274	98
442	491
447	241
354	401
331	132
351	145
47	179
396	198
492	493
483	497
465	315
249	61
62	357
271	224
257	132
440	489
13	438
12	5
89	25
491	494
478	487
336	202
224	67
278	368
404	470
41	271
140	10
84	321
491	192
198	96
175	177
387	469
69	66
495	187
286	181
414	427
195	109
449	468
285	477