358	176
85	32
27	6
260	170
295	312
448	393
282	351
402	455
441	446
10	5
119	451
456	305
33	27
194	458
110	17
499	436
317	155
472	478
11	9
89	88
359	423
155	188
381	401
436	440
487	173
89	76
420	422
493	412
6	5
83	393
240	4
186	472
294	394
226	465
419	427
445	178
347	433
438	281
122	260
48	21
55	8
397	362
106	452
324	486
484	302
130	89
278	297
212	258
308	346
438	466
100	41
26	248
339	115
309	13
429	229
69	273
389	395
84	315
157	28
196	36
448	39
368	461
93	320
359	479
444	484
22	444
3	425
46	6
480	368
215	148
92	67
99	33
25	7
160	267
185	98
472	81
499	236
448	204
247	129
58	13
43	42
250	132
214	58
5	194
355	110
69	200
124	236
400	117
499	82
480	496
24	143
332	345
143	92
58	48
120	185
105	410
371	220
409	411
430	448
252	121
40	36
198	50
497	499
184	293
186	476
146	400
210	479
135	345
429	439
52	15
92	132
409	460
421	50
287	168
253	489
244	139
480	473
80	379
483	490
468	489
459	439
300	386
113	284
413	414
164	410
75	294
168	271
469	120
353	370
110	85
222	224
22	5
21	13
431	467
414	476
225	123
212	460
129	188
259	294
206	382
25	467
171	134
392	382
256	294
259	230
461	497
52	42
200	159
7	487
216	106
48	446
211	318
153	55
374	353
156	227
315	87
89	211
245	151
318	212
235	316
263	348
331	445
441	469
448	46
38	311
26	96
324	318
298	345
237	72
16	9
491	495
325	466
30	5
146	35
118	34
80	329
8	203
287	166
461	496
325	302
439	497
240	33
69	257
358	185
425	70
10	330
137	163
416	404
420	422
303	405
83	429
364	411
433	288
408	451
127	88
327	69
355	69
271	281
107	83
264	260