331	374
76	411
209	50
13	296
314	495
16	6
285	261
237	480
345	239
249	190
52	185
497	322
379	473
399	217
410	440
474	27
363	297
39	483
9	391
227	30
427	10
454	458
242	340
447	466
195	57
204	411
473	369
231	468
448	321
75	55
335	404
53	175
417	495
286	391
95	24
481	209
325	5
257	351
253	189
268	45
174	97
301	311
205	324
129	56
205	53
126	239
461	490
54	35
439	448
220	81
17	211
314	85
108	47
27	19
478	491
465	417
44	27
466	320
137	222
443	481
233	9
143	14
227	87
428	490
208	123
292	305
373	341
353	451
320	356
266	497
240	148
138	265
122	447
450	461
162	32
487	489
249	293
108	104
88	459
294	430
139	28
228	365
18	13
14	296
265	463
306	141
170	27
318	68
443	252
196	79
237	77
215	82
400	45
467	273
368	468
151	431
24	8
228	5
455	136
192	71
334	307
45	3
279	317
123	485
6	14
292	350
114	72
220	140
358	468
322	332
146	324
48	473
95	70
364	365
182	54
155	34
387	480
107	228
240	434
94	51
184	262
491	210
165	419
323	168
495	499
192	189
443	454
162	294
417	459
56	15
422	438
293	64
181	213
218	300
55	116
463	61
364	496
442	344
89	479
63	114
191	101
368	417
397	123
473	496
62	58
305	77
396	387
390	337
344	214
485	496
437	219
65	325
38	78
71	20
65	396
269	208
232	421
336	434
297	356
364	5
363	468
245	423
193	105
447	461
263	179
483	12
114	163
171	441
226	253
230	71
229	18
36	22
358	279
270	361
98	338
96	93
157	341
374	195
286	421
221	102
18	1
99	54
220	41
407	77
453	455
102	72
243	174
3	64
166	447
335	471
256	333
80	27
364	468
399	421
429	308
265	346
444	275
158	129
122	80
296	103