411	497
102	57
160	19
255	202
258	331
314	476
277	301
233	438
134	112
30	25
253	7
373	463
340	484
282	392
10	8
51	281
225	185
339	214
16	15
313	446
224	310
55	7
159	412
415	451
73	36
359	60
314	406
17	375
119	51
99	74
51	12
452	461
50	28
108	360
70	414
373	124
393	262
300	330
361	444
106	103
317	367
92	352
408	484
215	194
45	16
138	63
411	311
28	104
45	14
374	227
267	366
448	493
301	47
373	459
332	144
273	170
80	463
319	372
196	218
201	264
379	402
318	487
325	483
222	185
417	413
480	490
262	188
431	435
301	271
112	10
294	487
21	6
328	353
79	41
229	45
441	87
1	37
130	291
67	51
86	28
351	210
295	414
106	31
487	499
36	9
94	92
31	18
64	29
113	249
49	35
97	10
67	268
127	91
238	76
123	121
11	359
65	9
271	269
381	67
371	462
451	411
5	3
434	474
306	34
46	34
354	441
403	209
464	480
74	434
9	7
485	139
133	428
73	450
134	409
394	107
423	444
168	51
25	13
471	378
217	198
12	197
415	452
11	403
93	91
2	1