183	552
615	256
225	515
429	232
84	68
594	584
53	1
562	438
451	178
197	361
185	271
116	369
114	70
388	386
160	462
90	53
520	428
543	613
259	316
218	243
187	133
133	45
345	455
535	602
178	466
616	275
219	86
495	56
456	619
498	568
54	30
575	602
412	153
223	104
175	354
206	358
101	16
343	390
421	105
508	205
65	17
62	412
370	402
431	490
604	402
365	511
246	518
100	514
616	548
359	163
441	196
288	218
114	233
249	311
171	98
364	550
127	216
587	624
69	13
450	94
571	318
317	162
101	81
406	294
406	209
578	582
391	404
212	179
616	60
543	235
78	453
104	428
125	36
442	370
479	553
396	412
142	82
204	264
157	42
81	366
337	431
109	101
21	1
260	9
16	492
573	50
531	592
118	412
462	272
102	27
204	119
20	3
61	48
130	359
515	560
84	118
124	2
378	401
48	337
304	189
521	148
521	439
52	32
424	236
495	327
442	484
146	210
329	243
501	322
574	321
193	80
566	431
88	110
38	378
430	143
140	77
324	120
505	263
242	462
526	564
64	53
325	624
535	552
286	440
230	38
112	16
157	11
179	548
377	201
174	172
583	597
178	508
326	507
358	448
548	595
63	49
406	223
20	9
103	254
185	11
271	12
251	129
326	144
241	72
366	7
620	621
348	360
16	1
276	343
425	480
536	308
305	255
434	497
272	452
183	589
97	446