52	30
113	471
271	389
617	324
214	620
611	615
304	345
271	575
552	576
507	427
543	261
376	449
450	363
65	252
485	497
584	594
281	519
185	1
258	457
503	563
204	128
83	77
60	531
538	574
480	206
395	399
607	88
555	179
317	99
496	619
578	367
292	296
442	601
363	69
219	181
90	394
95	61
547	619
454	238
63	597
470	353
162	277
20	37
7	2
34	621
364	387
292	131
310	527
274	77
55	13
295	508
236	438
56	85
554	590
308	302
88	301
415	519
308	428
189	625
262	80
392	427
261	475
385	618
298	98
346	427
396	278
358	429
163	604
451	483
306	591
240	16
239	403
274	416
15	392
99	43
400	460
454	415
369	586
117	109
15	510
111	19
228	595
597	421
262	176
244	70
7	2
542	594
473	78
323	586
406	620
7	131
116	515
501	562
232	473
452	146
596	398
162	154
333	165
429	132
414	331
219	19
107	22
623	204
159	140
200	175
353	391
247	427
600	614
608	104
17	85
332	360
475	208
381	215
57	433
38	39
618	297
175	59
137	352
180	114
58	261
120	466
498	295
423	107
388	473
313	128
267	496
476	115
603	515
393	6
160	482
258	94
496	514
491	612
554	161
83	239
622	625
319	55
98	503
310	78
399	145
188	260
50	12
328	297
295	189
317	326
80	245
310	147
64	202
110	275
492	451
383	114
394	269
156	136
196	191
535	336
461	520