134	6
446	580
70	19
232	373
235	437
405	553
346	573
14	444
257	249
142	507
394	208
211	195
298	52
219	242
331	52
353	489
554	566
334	439
362	158
446	175
520	620
75	187
117	578
226	154
426	604
358	566
464	126
565	577
86	107
495	519
144	216
36	285
343	422
74	337
331	449
592	61
406	492
269	461
355	261
510	515
17	3
179	262
170	328
562	200
460	523
51	437
196	370
33	431
530	447
212	502
271	570
435	558
463	395
84	565
435	604
355	448
47	265
365	163
417	56
126	82
50	96
43	199
328	575
593	623
232	527
365	52
249	613
155	534
7	5
370	174
163	530
157	263
91	318
568	47
139	588
192	393
402	323
84	244
110	309
213	147
386	619
456	612
68	247
263	118
74	463
434	227
440	523
532	493
91	136
457	422
599	612
548	592
366	281
353	572
442	468
56	209
272	31
325	544
493	464
224	111
65	468
143	351
197	88
11	278
568	602
442	556
160	5
437	299
314	238
340	126
563	305
148	490
430	351
477	503
493	618
281	557
463	625
388	165
274	618
396	74
129	292
214	184
404	39
197	34
327	362
84	19
321	300
152	165
396	418
262	434
100	295
236	49
206	24
170	161
526	298
507	577
513	141
424	623
344	141
226	94
487	332
329	170
224	109
96	67
309	9
615	622
616	618
489	138
187	410
87	370
462	117
617	405
318	96
80	18
386	406
1	299