282	571
482	560
408	442
557	590
603	615
36	146
431	210
22	75
230	266
187	288
368	454
532	596
210	370
344	440
210	374
189	249
191	317
360	169
257	179
107	82
255	392
558	406
456	484
546	577
135	523
356	551
522	210
109	600
525	194
490	510
274	581
67	306
534	182
158	327
350	41
367	416
78	9
536	86
552	195
604	354
434	91
465	486
219	163
611	556
199	193
361	236
430	556
317	123
498	555
391	231
483	116
77	61
508	568
217	110
95	21
511	230
31	289
95	443
549	237
322	192
481	441
92	75
610	283
600	81
169	103
473	566
261	236
19	5
581	258
219	60
101	20
18	527
98	73
607	581
207	49
412	352
142	132
238	226
622	601
442	300
58	447
586	531
450	590
269	160
301	242
185	191
577	603
286	597
530	378
68	131
42	69
402	573
569	322
539	36
264	292
256	436
277	220
197	497
323	236
119	287
565	275
117	265
459	533
613	624
565	301
87	557
550	274
164	619
304	548
220	533
122	192
204	95
11	94
115	104
110	114
176	297
355	421
282	350
622	512
527	149
288	375
392	484
86	325
71	107
561	75
105	169
183	521
622	625
441	200
120	517
534	255
200	69
361	568
519	536
563	187
427	106
59	3
334	550
307	42
416	114
563	294
73	282
331	422
459	310
169	10
338	33
193	149
206	182
238	168
70	59
550	259
34	8
570	599
593	606
342	558
302	450
575	621
486	80
83	25
40	314
459	461
66	11
151	105
229	181
407	94
378	295
468	604
52	398
283	603
386	541
88	25
24	6
612	15
402	184
195	38
573	624
15	4
126	524
418	96
450	411
22	17
202	281
478	625
324	566
123	53
232	565
490	529
538	623
246	212
78	276
512	594
524	577
370	611
269	60
604	117
458	400
588	104
458	118
264	8
624	593
610	624
81	25
119	13
340	364
142	399
185	25
35	404
446	495
477	606
70	213
58	20
48	61
202	35
453	542
258	261
315	85
381	410
202	63
364	373
584	114
252	353
592	71
438	64
95	366
285	282
320	409
536	501
93	68
157	124
524	285
153	73
381	478
95	147
480	465
442	329
391	235
468	576
247	135
567	568
238	96
151	227
180	199
159	129
592	449
210	168
575	610
9	8
252	22
423	426
66	555