610	621
564	413
230	584
265	556
64	424
464	580
598	605
244	115
298	529
602	524
398	517
497	105
226	564
337	404
219	150
519	118
32	151
329	597
48	14
505	197
266	499
524	415
58	26
547	273
545	597
208	529
572	620
148	63
223	61
488	499
415	384
295	23
138	140
251	128
171	354
498	540
74	8
48	429
157	253
515	620
496	429
532	614
193	199
329	481
28	15
360	361
44	21
457	511
270	191
397	499
385	395
250	366
261	187
211	238
603	494
328	400
432	621
325	607
212	206
405	403
361	531
471	254
382	346
528	580
338	155
352	130
448	319
612	621
54	27
478	564
418	49
316	329
614	506
322	261
370	419
206	481
558	592
348	557
596	448
607	124
533	617
249	225
209	56
270	185
245	117
17	14
168	143
523	623
229	130
271	249
536	66
258	579
29	444
399	332
222	366
597	531
94	40
167	457
577	157
609	611
572	12
258	52
6	571
19	60
160	321
445	362
200	509
136	394
376	404
265	213
422	390
144	424
207	31
544	623
56	503
77	381
256	584
37	6
373	424
6	3
325	574
507	562
12	515
556	579
617	625
624	625
187	426
71	415
452	349
528	617
525	264
411	250
471	571
234	184
461	536
591	625
209	95
387	241
445	585
351	482
508	579
564	596
541	593
286	259
136	168
603	366
167	503
30	1
545	582
323	410
239	350
301	339
592	599
126	45
369	210
336	310
474	49
501	281
538	542
354	615
393	470
52	47
152	519
228	110
236	89
329	11
224	79
614	617
73	389
505	523
586	449
434	273
542	130
256	139
359	38
493	594
623	562
432	284
431	572
516	624
285	376
12	1
45	2
541	194
586	621
330	149
466	621
469	531
162	157
501	168
416	469
102	338
483	461
309	285
446	325
573	603
228	453
564	316
475	164
130	196
89	84
235	5
45	314
215	241
172	8
62	54
584	606
308	424
556	572
252	322
149	602
17	7
496	380
447	174
87	231
419	379
245	526
305	546
606	609
112	247
63	99
24	19
53	37
523	17
500	49
173	239
105	67
542	410
360	413
458	232
557	431
439	475
513	150
132	125
621	317
144	76
547	422
424	530
210	44
481	503
206	22
555	373
126	83
53	157
285	262
421	491
253	484
81	187
374	228
70	62