117	108
441	199
184	311
77	528
560	591
447	522
347	40
535	571
197	154
292	119
40	10
237	98
514	587
35	564
519	129
25	380
270	389
63	485
48	43
220	610
250	525
574	112
342	346
545	456
243	572
430	86
184	251
89	19
363	604
490	333
516	609
578	349
107	372
111	515
127	612
614	616
80	49
468	426
124	590
335	453
91	35
431	110
544	553
127	432
598	604
361	488
623	625
247	407
612	195
76	50
531	610
303	479
319	287
532	387
466	532
603	616
143	462
604	615
92	178
593	532
540	545
527	243
99	490
11	10
397	553
534	601
480	553
35	20
220	91
90	11
256	189
181	43
465	579
125	4
126	255
202	396
246	39
183	205
11	58
48	44
134	170
130	580
258	146
268	13
17	607
582	351
157	138
168	65
368	442
592	599
107	370
162	35
214	1
297	202
285	125
86	239
56	27
212	49
196	395
499	618
249	55
47	531
60	177
285	538
455	477
533	480
100	302
490	587
269	156
197	306
284	70
234	589
539	337
525	614
449	53
225	141
405	608
405	455
434	461
475	296
269	261
334	287
124	93
454	195
534	600
470	619
493	543
273	162
436	128
541	119
225	105
94	205
306	107
37	31
301	232
32	28
296	246
308	92
238	194
137	222
591	285
140	531
539	553
232	130
186	10
517	177
206	62
607	494
85	28
256	164
392	220
213	325
246	163
202	579
17	14
597	135
313	256
478	461
168	154
196	291
493	605
73	239
464	75
229	407
179	250
89	441
277	320
396	118
76	47
326	445
151	6
132	10
335	307
475	433
113	237
614	615
336	294
285	580
100	98
417	600
516	522
297	225
382	500
529	14
204	144
182	201
189	83
573	613
600	486
492	609
247	235
423	434
625	585
562	210
371	343
89	47
456	219
92	56
471	528
247	212
558	582
3	1
468	614
91	9
440	340
559	577
73	443
516	541
438	299
291	556
12	6
64	245
367	593
456	265
343	129
263	607
450	591
151	195
244	621
507	526
34	29
563	612
6	542
193	145
177	166
81	69
440	456
181	130
368	217
244	459
577	190
40	625
512	625
342	334
353	588
202	28
428	554
471	27
433	388
117	63
436	472
618	140
175	69
550	592
485	589
27	23
512	524
26	44
135	29
377	325