495	271
67	21
161	386
608	614
495	432
439	490
222	244
56	544
459	376
137	93
486	500
107	55
346	502
197	509
356	11
91	70
77	571
242	162
361	417
390	449
554	429
599	610
172	531
231	234
405	508
540	494
615	476
59	36
432	576
491	623
567	585
95	290
405	107
354	327
418	108
360	185
395	146
53	74
421	122
245	295
201	28
381	168
94	15
339	385
570	572
49	35
287	581
454	214
471	568
228	336
604	145
329	55
348	484
67	380
85	466
429	306
624	3
432	130
32	24
375	588
317	82
555	235
270	327
377	410
114	266
625	259
184	358
59	2
302	584
521	203
487	268
427	356
390	254
339	217
3	2
200	565
402	511
414	562
31	23
81	229
559	364
70	63
595	427
267	194
529	598
553	545
463	182
616	59
438	283
440	505
206	500
114	100
620	97
558	60
316	309
455	537
349	2
235	443
5	3
444	598
87	28
566	576
88	75
105	9
603	604
265	426
362	258
355	110
528	431
476	548
215	586
592	41
392	594
515	553
333	94
611	403
166	155
277	369
152	202
84	158
241	11
560	34
180	40
402	621
492	294
393	442
334	417
374	30
428	439
235	204
75	34
247	2
536	377
564	617
221	597
377	308
340	177
581	370
134	45
30	43
320	602
553	524
226	95
205	80
210	231
162	34
538	546
584	413
480	368
222	181
156	485
169	59
385	151
552	86
465	234
103	90
545	98
467	494
609	623
117	99
543	593
397	198
620	529
541	578
151	8
282	273
303	306
599	203
390	53
237	246
247	314
293	85
232	530
272	483
616	191
362	558
192	69
211	614
246	150
55	18
318	301
127	78
550	115
210	180
325	202
421	352
364	64
312	141
194	44
488	69
163	131
271	96
384	355
63	7
20	337
471	9
569	250
169	228
157	335
618	448
481	23
513	587
55	36
29	18
574	366
183	173
443	327
307	515
378	603
623	624
256	82
88	502
616	620
460	81
470	436
497	235
553	188
74	494
63	58
79	48
19	14
520	397
607	615
341	208
329	584
35	461
295	91
312	64
59	46
137	13
274	166
152	580
511	552
447	220
531	286
543	621
369	388
495	159
232	327
247	180
238	172
24	1
513	543
173	126
585	591
143	442
17	223
623	279
329	481
530	611