364	443
190	448
207	246
171	54
624	625
456	553
473	83
390	610
560	609
447	63
219	84
367	115
58	483
498	507
56	26
584	601
464	355
509	605
361	519
50	34
571	393
549	625
512	539
234	156
81	21
319	468
378	199
118	96
293	28
489	541
465	528
436	595
435	579
494	319
462	318
244	520
389	334
258	547
453	257
425	288
606	377
482	33
369	23
540	546
625	224
48	12
333	509
40	15
128	135
549	554
458	201
277	600
290	90
372	599
222	26
153	61
288	92
152	110
152	420
187	602
138	117
499	563
553	180
269	197
55	4
443	453
152	440
11	2
137	605
284	575
24	582
561	602
539	605
536	574
248	521
204	228
89	532
578	232
616	255
15	357
333	164
189	585
546	227
269	99
131	242
612	134
475	173
345	536
299	602
119	8
9	204
210	114
434	597
35	9
253	587
342	367
387	614
189	176
386	142
554	16
410	50
153	79
33	364
464	188
308	383
177	338
462	26
1	77
10	223
544	17
353	206
501	594
60	23
534	573
565	537
463	559
18	16
533	98
91	181
241	285
297	593
108	449
68	228
505	444
575	482
547	385
27	302
172	221
444	541
222	451
375	497
565	590
76	75
135	109
381	233
311	605
253	37
35	603
341	101
244	368
237	11
352	233
228	580
259	190
161	10
248	118
499	564
6	577
315	282
289	445
3	268
257	50
106	593
476	297
193	42
466	268
81	332
489	593
353	347
275	163
443	459
375	401
308	144
541	252
208	320
522	180
251	60
192	303
387	410
416	578
56	570
595	505
439	454
53	184
236	303
241	403
480	537
358	562
578	205
154	66
88	14
467	419
213	161
222	43
82	65
569	583
15	445
209	243
381	477
496	574
332	363
575	432
242	605
435	282
96	32
331	15
342	491
15	67
160	57
501	499
11	7
119	237
257	51
153	426
306	278
310	176
329	198
99	517
497	227
584	605
393	565
40	551
119	282
451	444
215	552
28	284
347	94
228	396
425	24
310	220
49	47
606	621
29	9
45	562
26	37
127	1
585	620
49	187
51	278
351	361
254	14
552	53
512	330
237	110
175	259
485	532
488	517
447	354
9	5
611	616
8	5
587	264
463	549
301	420
385	128
536	545
383	329
53	32
567	620
223	195