216	422
154	122
494	100
472	89
257	275
200	222
387	193
382	516
586	367
402	267
246	464
46	369
146	79
374	570
177	41
123	95
202	130
482	347
466	520
389	116
210	56
66	31
173	617
539	622
372	134
321	485
320	441
575	578
479	591
495	549
336	222
406	338
244	169
410	313
442	620
468	298
93	167
616	618
257	607
331	44
188	109
196	24
320	212
491	559
261	200
363	431
99	36
381	541
160	66
370	62
247	11
10	7
245	495
238	66
562	612
621	623
303	388
423	219
20	6
616	617
333	336
450	426
271	187
262	138
118	25
335	504
139	93
147	461
188	281
435	444
86	45
75	2
533	236
497	567
180	364
610	404
350	243
424	574
104	538
410	534
36	28
60	581
164	597
263	58
528	65
235	520
338	94
591	409
485	527
507	611
566	418
356	120
231	12
475	625
431	618
142	123
383	449
318	614
556	596
34	148
535	567
178	117
396	525
487	481
310	400
532	58
73	43
274	563
19	230
39	408
169	620
445	443
479	490
272	187
324	288
569	576
126	83
14	6
368	119
110	118
138	133
555	71
385	611
6	619
340	575
527	606
166	105
327	386
399	70
364	94
567	214
602	609
546	572
411	542
345	583
392	106
82	31
125	230
379	216
54	319
160	255
608	622
120	152
522	600
300	310
526	532
297	282
288	395
263	183
307	350
540	558
215	136
479	585
588	274
236	444
165	438