298	613
487	408
294	339
86	97
279	479
619	622
429	466
125	323
290	81
37	21
97	426
506	529
619	559
528	577
23	206
518	24
475	59
6	1
571	133
333	67
525	584
58	475
230	13
226	53
318	571
284	387
176	411
585	542
248	121
495	580
527	93
150	37
145	16
121	148
553	592
345	59
404	600
337	564
158	234
153	34
360	357
213	13
469	459
421	276
62	150
51	43
3	1
103	437
416	620
528	590
222	54
209	584
27	12
393	548
64	451
263	350
560	83
481	283
249	402
480	170
615	579
233	146
214	118
557	566
4	3
304	7
30	252
139	386
369	268
500	311
9	165
619	511
349	161
426	4
221	199
402	595
298	174
139	27
97	244
607	277
311	495
288	265
260	144
263	261
358	193
37	34
236	278
25	11
253	129
558	614
534	535
163	216
96	273
596	602
421	328
227	415
494	551
310	61
620	622
469	608
381	375
213	578
595	404
339	495
53	52
621	368
610	89
111	603
349	608
363	322
401	499
117	257
528	172
67	181
154	548
231	407
413	482
265	409
462	308
448	378
148	441
272	107
367	570
440	355
354	498
344	133
10	3
502	185
401	458
466	19
408	492
342	116
261	142
28	8
163	21
277	611
276	133
450	194
413	302
506	568
459	332
262	295
16	10
323	262
292	10
436	518
603	619
88	31
340	300
526	389
619	100
438	552
16	107
471	334
87	85
330	540