578	579
400	481
586	245
223	288
516	208
233	489
264	195
424	566
163	77
397	532
337	379
567	85
194	592
351	475
202	246
485	22
350	132
390	13
465	50
334	379
244	280
591	391
229	572
544	154
351	327
504	341
471	610
69	335
201	400
491	105
133	109
464	590
306	208
65	184
529	609
236	12
82	10
400	264
322	475
67	192
373	206
398	484
244	116
269	380
371	478
361	442
191	549
177	381
101	19
386	283
580	600
529	558
130	38
222	210
212	463
70	437
255	227
489	181
260	231
239	48
600	114
338	368
213	5
47	34
625	474
595	507
75	128
51	44
483	186
586	624
410	471
345	523
207	139
267	305
44	13
617	36
350	454
129	203
24	5
278	43
209	400
298	271
66	22
267	134
358	394
354	407
361	420
50	43
206	566
490	149
173	612
547	599
485	547
54	16
306	561
540	547
460	487
227	532
69	14
254	139
557	622
601	230
287	278
581	609
345	547
355	607
274	74
192	85
233	94
175	128
446	156
264	390
441	53
310	265
163	268
274	269
454	556
528	133
246	111
423	408
250	508
276	90
161	193
211	168
506	543
210	166
178	617
548	568
431	58
337	220
542	580
613	614
251	230
180	93
39	9
262	446
533	333
282	577
169	84
482	35
619	274
207	49
122	121
6	282
202	11
72	42
219	179
383	285
557	532
441	520
235	154
392	126
547	611
436	512
316	611
268	623
51	37
470	589
253	138
352	342
526	594
80	316
151	446
229	25
577	49
426	226
86	33
115	621
493	532
267	40
215	171
239	210
58	47
548	202
32	202
29	6
32	348
444	614
406	298
384	323
384	461
392	470
286	276
108	236
285	280
133	251
514	307
607	337
330	553
281	108
608	612
322	500
256	600
229	437
137	458
344	65
323	254
351	335
53	37
494	595
506	411
551	323
193	145
466	483
113	122
308	119
111	79
585	593
398	512
512	169
591	426
80	418
533	587
459	566
428	318
211	473
518	256
100	87
123	597
430	55
441	529
535	575
198	448
292	622
70	562
467	536
343	409
268	522
579	224
589	610
375	68
323	195
303	594
204	621
263	618
13	9
389	530
70	40
299	237
620	624
95	208
430	511
192	186
507	171
135	468
104	122
390	101
424	413
473	195
62	53