199	76
149	74
609	135
317	207
581	625
242	550
389	579
278	362
526	229
552	576
516	548
72	4
362	367
190	459
364	448
420	597
543	610
211	23
152	531
163	141
565	29
566	594
399	419
233	27
189	62
393	617
41	12
99	143
131	450
490	447
83	30
322	6
8	7
447	33
239	130
491	579
391	142
190	102
26	111
157	78
263	209
448	482
69	306
57	490
398	232
49	4
526	363
594	240
242	581
234	284
507	512
503	586
101	71
62	129
593	603
245	437
400	524
37	381
320	95
458	500
198	619
309	44
42	394
305	476
283	334
504	87
371	423
27	12
400	610
155	483
179	388
100	4
281	205
54	337
166	124
619	623
194	9
523	261
4	328
245	548
408	358
358	325
354	404
269	220
472	532
384	579
54	458
227	288
137	68
17	3
75	58
595	625
79	235
418	365
274	71
171	151
166	105
204	400
259	295
309	510
94	548
82	6
260	84
136	41
198	553
623	242
12	589
327	278
599	102
521	267
515	356
532	550
588	517
320	127
279	18
513	485
67	39
31	7
528	254
188	387
278	171
50	7
105	63
262	65
548	233
287	155
338	358
447	341
439	509
18	1
67	331
459	127
21	364
278	137
119	146
542	589
490	458
9	5
272	265
589	132
265	266
419	438
435	317
33	399
177	202
427	307
512	517
407	593
162	84
475	513
471	551
436	483
408	37
85	158
492	534
137	304
444	511
482	272
438	266
431	498
476	615
382	90
620	625
541	552
605	117
234	320
60	30
536	509
180	139
356	186
119	454
78	52
161	612
126	468
154	34
281	148
176	9
518	608
259	28
121	321
581	246
562	592
117	240
427	509
163	196
519	231
340	293
243	211
110	37
285	325
67	23
474	136
498	468
103	520
487	30
586	412
209	173
275	427
367	548
123	578
584	589
42	260
606	607
528	311
604	608
60	41
367	535
169	510
457	503
180	5
347	607
56	154
285	294
454	463
300	57
601	66
416	617
177	36
304	3
233	499
455	553
577	258
222	225
144	19
544	525
513	578
488	5
137	248
262	50
71	101
52	47
211	147
304	480
99	349
85	26
296	583
448	477
47	14
500	224
490	554
293	197
399	543
480	496
259	40
35	195
614	618
261	268
451	548
279	31
534	463