101	298
282	104
426	583
189	499
63	18
174	104
11	207
194	181
122	90
562	265
333	49
281	579
266	67
234	64
314	181
320	417
247	85
395	507
155	40
275	330
497	548
141	177
288	91
222	103
232	42
28	19
363	434
486	119
63	15
498	539
488	494
206	259
511	620
513	534
64	52
330	574
414	167
621	624
520	19
61	237
519	441
45	441
220	547
502	521
178	303
52	611
343	261
377	303
361	118
202	621
466	505
89	428
332	142
94	72
44	29
97	501
495	533
529	614
465	25
586	620
288	180
535	444
158	599
111	175
520	526
608	381
500	175
220	218
436	547
478	604
155	148
186	546
308	394
513	555
438	6
604	523
194	133
489	584
164	541
509	326
63	33
506	470
550	580
260	68
187	68
146	569
8	513
59	521
68	26
51	16
237	360
212	355
196	416
9	176
526	584
624	625
13	11
385	592
610	623
494	616
50	425
485	572
478	242
573	574
128	122
352	554
234	460
492	573
171	196
250	363
587	567
268	441
39	500
243	16
600	610
477	110
36	453
254	453
148	34
188	104
54	159
608	442
554	191
477	572
216	99
295	481
312	116
5	412
375	489
72	15
117	38
437	293
611	236
116	78
105	34
178	221
213	95
319	388
68	140
357	360
598	613
597	137
430	599
440	485
374	378
85	56
42	218
217	624
199	200
205	485
457	562
82	70
273	247
389	103
333	155
558	595