35	310
108	317
385	470
463	458
538	620
28	50
306	443
167	419
492	63
32	328
188	36
402	577
42	210
506	527
48	149
255	373
623	532
539	573
569	570
277	297
559	231
583	623
286	605
232	453
297	428
467	205
328	336
79	268
594	115
491	219
325	426
209	40
207	247
401	200
16	261
113	66
393	340
122	35
223	511
513	549
544	525
414	481
394	577
198	91
172	139
49	563
94	73
524	569
356	268
544	561
556	601
104	44
537	546
377	462
339	485
337	513
512	600
547	242
489	493
104	390
258	32
120	515
156	137
341	436
511	114
565	583
590	471
43	31
39	567
25	352
333	3
263	421
23	439
196	111
85	500
410	106
298	79
468	563
17	400
475	481
484	129
526	617
162	602
268	74
188	104
156	343
259	13
109	68
600	602
541	563
140	34
355	473
350	548
176	86
295	499
625	426
570	588
220	219
132	541
64	16
403	236
11	7
486	499
433	82
88	37
444	185
187	550
28	375
563	625
499	496
52	509
562	352
490	541
105	39
618	620
562	171
117	30
154	266
340	269
136	525
260	381
618	366
142	583
20	391
520	522
28	11
23	430
98	321
433	474
439	191
383	495
353	50
591	596
421	457
483	553
147	28
102	74
607	609
203	133
309	38
292	613
486	559
18	367
431	217
194	217
607	585
525	581
183	528
9	2
36	55
313	503
615	618
84	215
319	517
166	353
432	453
182	50
474	530
523	122
587	591
509	598
389	476
307	120
541	420
378	408
570	54
494	593
255	494
597	610
297	387
183	369
185	88
509	610
199	259
73	19
321	515
497	588
52	570
565	485
88	282
450	570
32	59
21	459
6	4
244	377
470	301
39	1
278	508
465	511
74	46
428	541
372	305
128	119
395	374
254	201
216	78
77	11
534	606
574	23
371	579
532	309
590	609
330	578
278	486
276	109
434	592
405	558
238	509
418	38
402	528
302	343
72	333
450	327
457	476
385	520
549	434
484	314
125	122
183	176
156	458
237	42
549	558
415	568
243	385
436	609
274	41
391	62
224	49
473	467
417	30
476	359
494	149
95	334
585	283
621	262
107	319
409	435
271	220
366	456
368	523
578	404
211	551
496	585
216	602
310	65
66	30
139	25
225	426
616	192
220	568