430	471
364	510
248	447
523	527
149	339
602	81
179	12
416	133
189	345
352	383
364	123
246	396
282	200
227	293
323	585
24	10
88	23
364	606
571	483
48	495
508	587
108	180
515	583
224	454
16	1
506	594
413	577
525	376
387	420
497	124
4	1
433	335
115	430
606	613
510	523
461	620
410	163
133	6
125	569
598	404
580	295
112	335
195	15
219	526
7	5
52	17
582	608
518	382
133	421
207	561
368	17
262	37
85	432
89	30
552	154
539	298
271	226
135	22
129	77
43	193
169	330
289	474
556	583
39	348
63	570
487	541
62	152
187	75
534	593
112	196
471	411
484	488
200	348
228	52
601	581
398	550
611	615
599	295
137	431
48	8
537	603
168	592
309	264
261	92
130	5
603	424
224	278
295	583
392	446
254	298
105	41
68	320
281	180
493	498
484	606
340	293
455	537
355	570
239	395
359	549
57	11
2	1
25	24
604	609
348	267
85	58
509	409
465	489
242	99
295	406
262	536
208	125
234	187
47	116
547	560
379	195
562	585
8	4
523	585
292	253
92	495
99	517
479	345
337	304
271	373
190	578
316	49
79	266
385	571
480	530
108	37
24	22
96	229
456	509
3	1
342	287
363	312
372	399
206	529
292	62
542	327
463	524
14	3
268	126
341	8
350	397
16	4
40	122
505	596
459	44
147	356
349	559
295	178
547	566
359	98
592	593