446	338
523	334
6	1
411	443
21	372
250	608
514	610
133	103
264	408
82	5
70	30
202	190
530	541
28	498
527	580
354	241
111	27
32	143
465	229
618	359
261	264
541	141
569	587
546	621
28	458
282	367
235	490
128	470
62	524
489	573
32	28
181	293
336	58
205	598
573	587
120	250
76	46
605	614
355	276
247	189
152	6
498	3
519	197
470	503
426	318
361	580
237	132
387	137
384	524
81	42
434	277
476	484
72	134
527	151
349	6
420	145
544	111
210	167
380	552
51	15
421	328
281	343
496	520
564	585
566	598
413	202
42	223
3	2
318	150
349	149
572	376
480	211
356	568
465	411
289	62
621	623
37	458
293	249
609	623
212	94
608	614
418	606
17	37
270	38
586	612
413	503
373	73
405	503
67	146
169	177
601	351
18	6
299	39
157	71
243	174
427	293
498	512
182	31
450	451
364	263
256	535
188	514
232	157
316	613
50	590
266	569
375	528
463	119
340	317
243	354
584	586
174	4
109	441
329	309
395	353
126	581
306	486
160	239
185	95
579	545
307	167
449	612
49	7
314	532
589	609
365	440
497	517
346	96
447	274
324	430
217	106
306	146
416	461
376	494
199	580
196	463
447	111
360	409
376	490
71	279
536	587
6	5
124	57
60	507
153	182
158	134
180	293
431	412
391	411
509	518
82	288
480	81
268	97
359	311
43	28
6	434
212	216
493	541
623	625
509	364
426	460
59	80
464	503
229	284
9	196
41	571
33	20
333	302
491	124
445	399
24	13
542	240
265	35
329	1
277	42
533	461
319	491
591	429
112	358
483	458
154	403
107	425
574	296
120	414
42	134
281	182
166	225
504	94
516	617
289	245
151	73
625	615
114	108
602	604
213	98
203	295
96	557
198	180
57	447
377	388
37	15
158	26
394	460
590	43
469	514
436	437
622	360
377	456
517	25
473	341
103	15
33	24
36	313
450	530
173	110
367	215
313	134
254	135
485	496
36	8
470	313
620	623
245	105
621	623
392	403
559	401
8	6
5	3
571	625
179	94
355	222
98	517
304	59
619	625
532	334
580	38
508	369
23	1
76	134
360	434
491	509
368	589
143	34
10	9
560	616
498	256
131	102
479	67
86	523
380	335