595	76
405	264
471	187
378	550
192	390
191	583
262	115
527	529
223	491
247	230
66	308
541	597
603	267
535	590
14	1
189	605
8	139
36	23
154	99
560	598
514	549
91	449
3	476
225	276
534	622
432	482
126	3
545	247
549	322
496	355
386	416
547	594
541	243
28	567
108	28
214	228
408	364
201	58
553	173
241	571
298	101
146	45
495	588
78	109
233	141
51	25
389	506
588	414
19	453
522	602
320	456
36	14
274	361
399	44
181	15
447	200
159	96
250	365
585	620
397	615
110	24
478	434
442	48
4	456
460	380
426	479
468	263
171	218
271	181
241	76
317	106
321	200
458	176
86	14
58	54
608	40
507	510
29	264
124	61
443	411
462	521
625	577
501	512
262	235
414	359
206	254
20	16
414	166
554	363
355	8
40	37
308	2
11	3
111	328
463	232
511	519
51	40
340	89
366	246
604	63
374	488
72	70
423	466
307	411
458	488
264	500
335	602
138	340
278	481
318	580
100	65
178	249
332	423
262	39
207	12
330	53
512	589
510	231
86	25
344	181
110	5
156	310
442	517
580	312
299	209
449	26
6	3
428	292
391	610
58	573
417	149
130	10
151	474
313	510
265	2
112	24
126	9
398	218
275	25
572	589
514	330
396	374
432	496
495	571
325	9
170	591
4	3
264	340
34	112
273	383
304	415
170	120
619	622
313	229
60	11
296	377