528	115
231	158
431	618
26	25
43	108
44	240
556	305
501	314
593	595
342	614
547	585
37	377
378	497
182	408
373	527
124	118
384	558
181	99
569	591
561	272
576	189
533	582
1	240
234	321
599	110
245	248
91	507
138	409
455	548
489	605
223	390
550	365
237	139
540	120
60	530
622	625
387	138
326	337
256	623
69	547
324	146
515	619
43	449
399	145
227	281
48	288
140	389
110	284
14	2
239	619
410	343
51	9
479	613
57	441
476	437
61	227
176	16
268	232
609	509
541	596
79	468
64	55
439	448
233	217
452	625
382	608
558	7
620	625
499	624
413	2
495	546
398	453
173	139
394	475
329	231
413	188
610	620
8	194
602	610
409	479
258	28
21	568
113	445
270	246
415	25
215	473
270	278
464	498
461	163
220	613
569	617
450	467
164	68
278	178
232	124
512	545
608	613
174	355
513	585
174	364
101	39
223	614
432	343
168	86
418	268
355	117
288	345
300	428
45	348
566	310
191	91
471	518
158	577
124	56
226	562
414	464
593	134
411	445
279	238
293	549
316	59
166	255
30	29
122	63
603	609
182	158
342	583
521	234
449	571
426	453
59	341
46	361
131	56
617	619
18	3
81	25
15	5
61	25
410	543
523	223
209	18
285	67
20	1
486	412
145	9
68	16
486	482
230	623
468	511
103	70
161	54
78	156
430	338
243	28
518	531
171	538
343	190
497	477
268	396
119	100
409	463
368	357
621	4
541	609
435	148
185	392
441	622
473	266
594	245
475	479
617	619
488	18
91	191
605	621
318	357
200	63
159	116
199	137
271	484
187	392
219	584
372	455
309	85
18	607
1	326
618	619
316	486
174	51
26	12
83	8
596	517
51	11
611	625
143	71
329	196
76	289
474	507
381	561
578	579
253	23
63	12
196	235
532	567
402	529
8	419
561	590
290	161
30	532
536	593
362	613
439	240
25	14
578	357
448	412
130	354
80	487
279	481
279	179
545	55
387	288
267	398
9	90
462	262
572	372
134	169
366	478
56	461
586	596
465	561
6	16
456	92
269	132
96	71
376	171
264	289
50	508
527	131
223	337
143	460
108	23
348	520
149	275
447	616
344	198
110	312
459	425
504	589
280	511
230	163
537	616