512	588
72	43
47	22
138	119
171	593
397	206
220	525
159	236
519	521
612	613
215	373
81	3
130	10
381	598
168	598
419	560
361	265
513	545
50	478
616	623
199	196
100	41
572	609
537	456
588	607
469	546
269	588
535	588
155	560
496	239
195	457
178	33
15	1
317	195
621	424
337	481
97	14
479	317
26	86
420	578
127	117
129	48
345	136
149	134
432	474
364	331
485	261
240	173
388	424
365	113
344	413
462	506
492	219
244	519
54	10
180	90
527	379
193	294
357	260
533	323
452	128
71	17
499	123
334	43
574	209
456	375
578	619
179	45
90	173
176	509
394	534
402	331
16	6
157	481
17	295
191	567
559	568
314	296
130	154
246	265
187	103
397	367
405	191
261	33
585	604
404	366
122	117
355	226
161	71
305	327
73	439
500	115
146	589
615	618
473	577
426	519
566	604
348	356
302	315
169	355
528	608
37	479
224	262
456	352
90	343
174	29
422	152
302	85
573	570
619	368
494	521
505	611
283	16
467	568
377	42
42	35
225	4
259	430
617	625
6	439
101	40
440	452
460	554
146	492
285	283
7	3
161	136
253	444
388	331
582	588
575	593
390	392
436	203
72	69
446	576
227	437
557	536
72	24
241	224
119	31
216	267
117	452
535	402
69	36
333	340
260	460
322	624
465	81
582	623
53	37
225	88
572	611
457	462
430	525
210	511
131	17