68	143
272	548
29	24
505	322
86	178
258	296
15	13
612	195
2	1
237	185
249	142
332	280
74	190
491	619
65	489
288	144
305	206
478	517
152	240
448	132
582	561
516	523
114	60
235	538
491	55
172	413
429	13
158	46
617	615
488	153
606	267
39	19
39	284
587	618
283	617
375	590
385	590
395	112
58	295
337	349
42	12
549	449
343	437
258	171
453	412
48	389
572	595
180	316
525	143
554	504
361	424
450	195
43	347
366	166
105	76
594	600
63	547
383	386
440	460
270	93
19	368
253	335
325	249
197	27
224	206
321	259
339	458
604	616
235	242
543	86
341	582
234	196
431	595
251	354
411	557
623	625
506	195
63	177
589	117
179	218
182	131
477	430
305	587
271	125
74	567
443	18
66	45
582	428
623	486
321	587
503	197
66	43
519	507
520	13
211	284
58	337
205	119
159	137
15	13
419	587
418	554
294	435
205	6
496	308
528	533
534	160
113	32
598	396
81	56
589	592
29	251
441	379
256	405
339	163
511	373
365	593
544	298
288	332
467	254
345	466
335	473
223	515
618	623
365	55
5	3
442	449
32	176
246	546
455	600
5	3
367	187
152	472
186	565
475	543
279	204
476	323
403	225
87	541
479	616
178	414
181	23
218	547
437	86
87	605
128	9
513	505
473	223
454	465
621	624
543	484
318	77
524	534
129	445
9	5
219	5
500	506
605	392
505	81
183	507
588	592
376	478
361	583
308	481
541	83
37	280
473	281
7	454
129	560
177	505
535	146
554	582
380	85
368	444
532	562
399	418
160	33
463	476
40	25
590	620
220	424
351	525
277	539
405	579
439	328
546	133
43	541
616	620
140	383
297	149
294	170
236	483
152	104
355	614
476	529
563	486
445	577
607	624
121	317
371	250
6	117
114	481
274	607
183	101
27	15
335	141
187	58
252	443
586	621
576	474
141	59
484	171
9	3
413	607
445	600
45	4
132	164
210	581
331	285
41	6
463	590
485	369
38	18
269	228
473	536
241	30
605	519
153	86
498	131
254	552
286	625
33	12
610	542
305	256
514	564
354	612
239	339
567	166
624	625
277	542
229	19
63	396
337	27
430	502
387	575
460	535
382	566
1	339
507	366
518	263
227	203