348	261
31	335
449	554
283	57
127	560
183	137
137	323
48	23
485	584
92	19
512	149
411	575
434	150
72	32
477	378
254	35
440	584
216	122
467	617
105	557
193	68
116	101
458	548
536	158
70	388
543	526
557	358
515	437
618	254
497	8
437	547
64	23
214	298
270	12
398	521
584	602
99	64
411	170
224	495
151	88
409	39
95	47
45	34
290	493
206	91
364	557
53	412
170	514
502	505
50	19
393	331
62	1
303	254
559	622
425	160
272	486
14	13
77	7
525	571
179	162
512	560
507	610
612	619
370	342
177	374
517	620
172	78
195	107
353	45
47	27
549	560
566	126
383	463
299	549
561	268
606	282
38	14
259	11
144	23
476	519
262	246
565	621
213	312
261	151
301	185
176	400
326	99
236	278
624	625
203	34
138	199
260	507
416	492
372	586
494	22
255	353
345	436
363	203
175	134
549	8
212	440
591	602
451	601
128	85
605	41
620	122
597	148
3	9
537	610
596	46
31	10
535	564
185	426
253	153
91	210
91	18
274	189
382	189
429	112
578	580
82	143
382	510
498	436
528	537
258	471
372	115
472	216
529	90
383	266
378	211
267	389
284	582
381	13
215	483
185	258
457	71
169	127
46	559
172	449
465	491
244	276
184	223
118	421
468	533
350	356
440	587
335	486
241	25
429	540
239	428
68	33
126	519
133	24
39	624
509	418
427	604